Date	Depth (m)	Water Temperature (C°)	SpC (mS/cm)	DO (mg/L)	pH 	Salinity (PSS)	DO%	Secchi Depth (m)	Air Temperature °C	Notes
4/19/2013	0	13.45	0.481	9.01	8.13	0.23	90.0	0.28	3.89	turbid water after rainstorm, cold and cloudy, 10:00 AM
4/19/2013	0.5	13.47	0.481	8.96	8.13	0.23	89.5	0.28	3.89	
4/19/2013	1	13.45	0.481	9.10	8.13	0.23	90.5	0.28	3.89	
4/19/2013	1.5	13.17	0.51	9.46	0.24	91.8	0.28	3.89	
4/19/2013	2	12.18	0.588	11.46	0.28	110.4	0.28	3.89	
4/19/2013	2.5	10.65	0.62	12.68	0.30	120.7	0.28	3.89	
4/19/2013	3	8.50	0.625	14.52	0.30	127.9	0.28	3.89	
4/19/2013	3.5	7.50	0.646	15.00	0.31	129.9	0.28	3.89	
4/19/2013	4	7.00	0.674	12.49	0.32	105.7	0.28	3.89	
4/19/2013	4.5	6.55	0.704	9.74	0.33	83.4	0.28	3.89	
4/19/2013	5	6.70	0.73	6.02	0.35	51.8	0.28	3.89	
4/25/2013	0	11.87	0.544	9.45	8.12	0.26	90.8	1.25	23.89	clear water, sunny morning, 10:00 AM
4/25/2013	0.5	11.71	0.548	9.37	8.12	0.26	89.8	1.25	23.89	
4/25/2013	1	11.55	0.55	9.12	8.12	0.26	87.0	1.25	23.89	
4/25/2013	1.5	11.53	0.587	8.85	0.28	84.4	1.25	23.89	
4/25/2013	2	11.19	0.607	8.9		0.29	84.2	1.25	23.89	
4/25/2013	2.5	10.41	0.616	9.86	0.29	91.7	1.25	23.89	
4/25/2013	3	9.18	0.629	11.24	0.30	101.5	1.25	23.89	
4/25/2013	3.5	8.09	0.646	11.45	0.31	100.8	1.25	23.89	
4/25/2013	4	7.10	0.682	10.47	0.33	89.9	1.25	23.89	
4/25/2013	4.5	6.22	0.725	6.35	0.35	53.4	1.25	23.89	
4/25/2013	5	6.06	0.739	3.42	0.35	28.7	1.25	23.89	
5/2/2013	0	20.05	0.563	9.69	8.28	0.27	111.8	2.12	22.39	clear water, sunny morning, 11:00 AM
5/2/2013	0.5	19.58	0.567	9.48	8.28	0.27	107.2	2.12	22.39	
5/2/2013	1	16.6	0.563	12.22	8.28	0.27	130.2	2.12	22.39	
5/2/2013	1.5	14.08	0.584	11.98	0.28	119.1	2.12	22.39	
5/2/2013	2	12.4	0.612	10.65	0.29	104.3	2.12	22.39	
5/2/2013	2.5	11.15	0.614	10.74	0.30	101.9	2.12	22.39	
5/2/2013	3	9.72	0.637	11.26	0.30	102.7	2.12	22.39	
5/2/2013	3.5	8.30	0.659	10.74	0.32	95.7	2.12	22.39	
5/2/2013	4	7.14	0.707	6.43	0.34	55.2	2.12	22.39	
5/2/2013	4.5	6.51	0.732	3.11	0.35	26.0	2.12	22.39	
5/2/2013	5	6.49	0.742	0.28	0.36	2.30	2.12	22.39	
6/7/2013	0	23.04	0.566	9.97	8.56	0.27	120.7	1.85	21.11	11:45 partly cloudy, gentle breeze
6/7/2013	0.5	23.01	0.566	9.80	8.54	0.27	118.7	1.85	21.11	
6/7/2013	1	22.69	0.569	9.02	8.44	0.28	108.7	1.85	21.11	
6/7/2013	1.5	21.85	0.574	9.12	8.33	0.28	108.1	1.85	21.11	
6/7/2013	2	20.35	0.592	9.41	8.26	0.29	108.1	1.85	21.11	
6/7/2013	2.5	17.5	0.617	11.35	8.27	0.30	123.3	1.85	21.11	
6/7/2013	3	14.76	0.639	13.04	8.35	0.31	133.7	1.85	21.11	
6/7/2013	3.5	12.65	0.661	13.79	8.37	0.32	143.9	1.85	21.11	
6/7/2013	4	10.88	0.689	11.61	8.16	0.33	109.7	1.85	21.11	
6/7/2013	4.5	9.05	0.725	0.97	7.64	0.35	8.80	1.85	21.11	
6/7/2013	5	8.69	0.73	0.89	7.62	0.35	7.90	1.85	21.11	
10/25/2013	0.5	12.82	0.49	4.54	8.67	0.23	44.3	3	8	Clear Skies; 3:52pm
10/25/2013	1	12.15	0.494	3.85	8.64	0.24	37.3	3	8	
10/25/2013	1.5	12.04	0.492	3.81	8.64	0.23	36.6	3	8	
10/25/2013	2	12.00	0.494	3.77	8.64	0.24	36.1	3	8	
10/25/2013	2.5	11.98	0.492	3.91	8.64	0.23	35.3	3	8	
10/25/2013	3	11.93	0.489	3.37	8.65	0.23	32.2	3	8	
10/25/2013	3.5	11.93	0.49	3.33	8.64	0.23	31.8	3	8	
10/25/2013	4	11.91	0.49	3.21	8.64	0.23	30.8	3	8	
10/25/2013	4.5	11.86	0.493	3.05	8.65	0.23	29.2	3	8	
10/25/2013	5	11.89	0.494	2.64	8.49	0.24	24.9	3	8	
12/27/2013	0.5	3.59	0.33	8.42	9.60	0.15	65.5	3	7	Clear skies; 3:05pm; very thin ice layer present
12/27/2013	1	4.20	0.429	6.09	9.19	0.20	47.7	3	7	
12/27/2013	1.5	4.59	0.497	5.91	9.09	0.23	47.3	3	7	
12/27/2013	2	4.37	0.523	5.53	9.08	0.25	44.0	3	7	
12/27/2013	2.5	4.35	0.534	5.31	9.06	0.25	42.3	3	7	
12/27/2013	3	4.57	0.556	4.87	9.07	0.26	38.7	3	7	
12/27/2013	3.5	4.34	0.558	5.06	9.06	0.26	40.1	3	7	
12/27/2013	4	4.36	0.574	4.27	8.98	0.27	33.7	3	7	
12/27/2013	4.5	4.63	0.608	1.12	8.87	0.29	8.80	3	7	
12/27/2013	5	4.60	0.607	0.95	8.86	0.29	7.60	3	7	
1/31/2014	0.5	3.94	0.571	3.59	9.15	0.27	28.2	1.4	4	Cloudy; 3:50pm; lake was frozen over
1/31/2014	1	4.36	0.581	2.75	9.09	0.28	21.9	1.4	4	
1/31/2014	1.5	4.69	0.60	1.72	9.07	0.29	13.7	1.4	4	
1/31/2014	2	4.66	0.616	1.42	9.06	0.29	11.3	1.4	4	
1/31/2014	2.5	4.49	0.633	2.94	9.16	0.30	23.4	1.4	4	
1/31/2014	3	4.54	0.66	2.47	9.11	0.31	19.7	1.4	4	
1/31/2014	3.5	4.63	0.707	1.81	9.10	0.34	14.5	1.4	4	
1/31/2014	4	4.73	0.757	1.53	9.09	0.36	12.3	1.4	4	
1/31/2014	4.5	5.01	0.812	0.26	8.93	0.39	2.10	1.4	4	
1/31/2014	5	5.02	0.823	0.22	8.89	0.40	1.80	1.4	4	
3/28/2014	0.5	8.08	0.67	4.16	10.15	0.32	36.4	2.7	11	Clear Skies; 3:21pm
3/28/2014	1	7.99	0.67	4.55	10.23	0.32	39.7	2.7	11	
3/28/2014	1.5	6.95	0.67	4.78	10.28	0.32	40.6	2.7	11	
3/28/2014	2	6.97	0.67	4.83	10.31	0.32	41.1	2.7	11	
3/28/2014	2.5	6.90	0.671	4.86	10.3	0.32	41.2	2.7	11	
3/28/2014	3	5.90	0.685	4.57	9.96	0.33	37.8	2.7	11	
3/28/2014	3.5	5.55	0.707	3.54	9.64	0.34	29.4	2.7	11	
3/28/2014	4	5.03	0.783	0.38	9.37	0.36	2.60	2.7	11	
3/28/2014	4.5	4.85	0.839	0.18	9.35	0.40	6.90	2.7	11	
3/28/2014	5	4.83	0.84	0.15	9.36	0.40	1.20	2.7	11	
5/3/2014	0.5	15.44	0.639	2.71	10.24	0.31	28.0	2.4	18	Sunny w/ strong breeze; 1:48pm
5/3/2014	1	15.26	0.639	2.72	10.37	0.31	28.2	2.4	18	
5/3/2014	1.5	15.11	0.639	2.94	10.41	0.31	30.2	2.4	18	
5/3/2014	2	14.44	0.65	3.04	10.4	0.31	30.8	2.4	18	
5/3/2014	2.5	13.04	0.694	3.29	10.18	0.33	32.3	2.4	18	
5/3/2014	3	10.86	0.702	3.65	10.23	0.34	34.0	2.4	18	
5/3/2014	3.5	8.91	0.728	3.25	9.84	0.35	29.0	2.4	18	
5/3/2014	4	7.74	0.78	0.85	9.59	0.37	5.00	2.4	18	
5/3/2014	4.5	7.14	0.814	0.33	9.57	0.39	2.90	2.4	18	
5/3/2014	5	7.03	0.818	0.24	9.55	0.39	2.10	2.4	18	
6/5/2014	0.5	25.52	0.538	2.00	10.47	0.26	25.2	2.2	25	Mostly cloudy w/ slight breeze; 4:23pm
6/5/2014	1	24.61	0.536	2.19	10.56	0.26	28.2	2.2	25	
6/5/2014	1.5	23.57	0.546	2.40	10.44	0.26	29.2	2.2	25	
6/5/2014	2	20.89	0.575	2.45	10.19	0.28	28.4	2.2	25	
6/5/2014	2.5	18.13	0.618	2.54	10.13	0.30	27.2	2.2	25	
6/5/2014	3	15.48	0.673	2.66	10.03	0.32	27.4	2.2	25	
6/5/2014	3.5	13.07	0.725	2.75	9.98	0.35	27.0	2.2	25	
6/5/2014	4	11.34	0.759	2.51	9.88	0.37	23.8	2.2	25	
6/5/2014	4.5	9.68	0.804	1.31	9.76	0.39	12.0	2.2	25	
6/5/2014	5	9.54	0.807	0.95	9.75	0.39	8.80	2.2	25	
8/8/2014	0	24.5	0.466	8.27	8.43	0.22		1.9	19	Raining, first depth profile completed with YSI; 1:45pm
8/8/2014	0.5	24.5	0.467	8.20	8.45	0.22		1.9	19	
8/8/2014	1	24.48	0.468	8.30	8.44	0.22		1.9	19	
8/8/2014	1.5	24.47	0.468	8.00	8.42	0.22		1.9	19	
8/8/2014	2	24.45	0.47	7.60	8.32	0.23		1.9	19	
8/8/2014	2.5	23.51	0.463	8.36	8.25	0.22		1.9	19	
8/8/2014	3	21.92	0.411	6.16	7.57	0.24		1.9	19	
8/8/2014	3.5	20.19	0.559	7.29	7.29	0.27		1.9	19	
8/8/2014	4	18.02	0.643	0.37	7.23	0.31		1.9	19	
8/8/2014	4.5	15.39	0.718	0.39	7.22	0.35		1.9	19	
8/8/2014	5	14.4	0.737	0.43	7.17	0.36		1.9	19	
9/12/2014	0	22.13	0.43	6.00	7.99	0.21		1.3	17	Mostly cloudy; 5:30 pm
9/12/2014	0.5	22.13	0.43	6.17	8.01	0.20		1.3	17	
9/12/2014	1	22.04	0.428	5.78	8.07	0.21		1.3	17	
9/12/2014	1.5	21.92	0.417	7.48	8.36	0.20		1.3	17	
9/12/2014	2	21.91	0.418	6.53	8.31	0.20		1.3	17	
9/12/2014	2.5	21.83	0.423	6.40	8.13	0.20		1.3	17	
9/12/2014	3	21.7	0.432	5.62	7.91	0.21		1.3	17	
9/12/2014	3.5	20.78	0.517	0.76	7.29	0.25		1.3	17	
9/12/2014	4	18.43	0.622	0.44	7.16	0.30		1.3	17	
9/12/2014	4.5	15.94	0.719	0.48	7.11	0.35		1.3	17	
9/12/2014	5	14.77	0.753	0.52	7.10	0.37		1.3	17	
10/11/2014	0	15.47	0.476	5.18	7.74	0.23		0.9	14	Overcast; 4:00 pm
10/11/2014	0.5	15.48	0.477	5.56	7.70	0.23		0.9	14	
10/11/2014	1	15.33	0.475	5.36	7.68	0.23		0.9	14	
10/11/2014	1.5	15.29	0.474	5.78	7.71	0.23		0.9	14	
10/11/2014	2	15.24	0.473	5.26	7.70	0.23		0.9	14	
10/11/2014	2.5	15.16	0.474	5.09	7.67	0.23		0.9	14	
10/11/2014	3	15.12	0.473	4.92	7.66	0.23		0.9	14	
10/11/2014	3.5	15.08	0.474	5.17	7.67	0.23		0.9	14	
10/11/2014	4	15.08	0.474	4.74	7.63	0.23		0.9	14	
10/11/2014	4.5	15.12	0.535	2.99	7.38	0.26		0.9	14	
10/11/2014	5	14.97	0.677	1.15	7.24	0.33		0.9	14	
10/31/2014	0	12.69	0.495	11.3	7.02	0.24		0.8	3.89	
10/31/2014	0.5	12.73	0.495	11.12	7.15	0.24		0.8	3.89	
10/31/2014	1	12.74	0.496	11.05	7.22	0.24		0.8	3.89	
10/31/2014	1.5	12.73	0.496	11.02	7.29	0.24		0.8	3.89	
10/31/2014	2	12.73	0.496	11.04	7.33	0.24		0.8	3.89	
10/31/2014	2.5	12.72	0.496	11.04	7.34	0.24		0.8	3.89	
10/31/2014	3	12.72	0.496	11.05	7.36	0.24		0.8	3.89	
10/31/2014	3.5	12.72	0.496	11.05	7.37	0.24		0.8	3.89	
10/31/2014	4	12.72	0.496	11.03	7.38	0.24		0.8	3.89	
10/31/2014	4.5	12.72	0.496	11.07	7.40	0.24		0.8	3.89	
10/31/2014	5	12.7	0.497	11.08	7.38	0.24		0.8	3.89	
11/7/2014	0	10.36	0.517	10.05	6.89	0.25		0.8	2.22	
11/7/2014	0.5	10.27	0.527	9.71	7.15	0.26		0.8	2.22	
11/7/2014	1	10.3	0.527	9.73	7.22	0.26		0.8	2.22	
11/7/2014	1.5	10.3	0.527	9.68	7.24	0.26		0.8	2.22	
11/7/2014	2	10.3	0.527	9.69	7.27	0.26		0.8	2.22	
11/7/2014	2.5	10.29	0.527	9.71	7.28	0.26		0.8	2.22	
11/7/2014	3	10.28	0.527	9.72	7.29	0.26		0.8	2.22	
11/7/2014	3.5	10.28	0.527	9.72	7.30	0.26		0.8	2.22	
11/7/2014	4	10.28	0.527	9.72	7.30	0.26		0.8	2.22	
11/7/2014	4.5	10.28	0.527	9.73	7.30	0.26		0.8	2.22	
11/7/2014	5	10.28	0.527	8.89	7.31	0.26		0.8	2.22	
11/29/2014	0	4.08	0.552	15.37	7.36	0.27		0.8	6.11	
11/29/2014	0.5	4.07	0.552	15.31	7.45	0.27		0.8	6.11	
11/29/2014	1	4.07	0.552	14.96	7.45	0.27		0.8	6.11	
11/29/2014	1.5	4.07	0.552	14.94	7.45	0.27		0.8	6.11	
11/29/2014	2	4.07	0.552	14.88	7.47	0.27		0.8	6.11	
11/29/2014	2.5	4.07	0.552	14.81	7.44	0.27		0.8	6.11	
11/29/2014	3	4.07	0.552	14.79	7.52	0.27		0.8	6.11	
11/29/2014	3.5	4.07	0.552	14.76	7.49	0.27		0.8	6.11	
11/29/2014	4	4.07	0.552	14.73	7.48	0.27		0.8	6.11	
11/29/2014	4.5	4.17	0.552	14.59	7.49	0.27		0.8	6.11	
11/29/2014	5	4.65	0.563	10.51	7.34	0.27		0.8	6.11	
12/26/2014	0	4.57	0.520	18.73	7.44	0.25		1.2	13	
12/26/2014	0.5	4.49	0.519	18.78	7.26	0.25		1.2	13	
12/26/2014	1	4.40	0.519	18.9	7.55	0.25		1.2	13	
12/26/2014	1.5	4.39	0.519	18.73	7.61	0.25		1.2	13	
12/26/2014	2	4.44	0.522	18.18	7.61	0.25		1.2	13	
12/26/2014	2.5	4.49	0.526	17.7	7.57	0.25		1.2	13	
12/26/2014	3	4.69	0.543	13.55	7.45	0.26		1.2	13	
12/26/2014	3.5	4.95	0.563	8.97	7.35	0.27		1.2	13	
12/26/2014	4	5.12	0.575	7.21	7.24	0.28		1.2	13	
12/26/2014	4.5	5.29	0.594	4.61	7.21	0.29		1.2	13	
12/26/2014	5	5.39	0.605	3.69	7.20	0.29		1.2	13	
1/30/2015	0	5.08	0.522	17.51	7.30	0.25		1.6	2	
1/30/2015	0.5	4.89	0.523	17.88	7.47	0.25		1.6	2	
1/30/2015	1	5.02	0.540	18.49	7.58	0.26		1.6	2	
1/30/2015	1.5	4.96	0.542	18.41	7.60	0.26		1.6	2	
1/30/2015	2	5.32	0.567	10.74	7.39	0.27		1.6	2	
1/30/2015	2.5	5.26	0.575	8.15	7.31	0.28		1.6	2	
1/30/2015	3	5.15	0.581	5.60	7.20	0.28		1.6	2	
1/30/2015	3.5	4.87	0.581	5.18	7.18	0.28		1.6	2	
1/30/2015	4	4.84	0.591	5.19	7.19	0.29		1.6	2	
1/30/2015	4.5	5.09	0.621	3.59	7.19	0.30		1.6	2	
1/30/2015	5	5.17	0.636	3.15	7.19	0.31		1.6	2	
3/7/2015	0	1.32	0.193	21.34	7.24	0.09		1.3	7	
3/7/2015	0.5	4.63	0.570	18.8	7.03	0.28		1.3	7	
3/7/2015	1	4.51	0.565	12.9	7.03	0.27		1.3	7	
3/7/2015	1.5	4.72	0.585	9.17	7.09	0.28		1.3	7	
3/7/2015	2	4.47	0.589	9.67	7.13	0.29		1.3	7	
3/7/2015	2.5	4.00	0.599	9.73	7.21	0.29		1.3	7	
3/7/2015	3	4.03	0.624	9.86	7.23	0.30		1.3	7	
3/7/2015	3.5	4.38	0.628	7.54	7.16	0.30		1.3	7	
3/7/2015	4	4.92	0.648	4.38	7.12	0.32		1.3	7	
3/7/2015	4.5	5.26	0.685	3.86	7.17	0.33		1.3	7	
3/7/2015	5	5.30	0.698	3.13	7.15	0.34		1.3	7	
4/4/2015	0	13.42	0.591	14.97	7.82	0.29		1.3	12	
4/4/2015	0.5	12.98	0.592	12.89	7.49	0.29		1.3	12	
4/4/2015	1	12.33	0.580	15.77	7.87	0.28		1.3	12	
4/4/2015	1.5	9.45	0.614	19.00	7.84	0.30		1.3	12	
4/4/2015	2	8.64	0.617	20.09	7.85	0.30		1.3	12	
4/4/2015	2.5	7.71	0.635	18.72	7.80	0.31		1.3	12	
4/4/2015	3	6.50	0.683	9.35	7.44	0.33		1.3	12	
4/4/2015	3.5	6.22	0.688	7.07	7.26	0.34		1.3	12	
4/4/2015	4	5.96	0.697	5.16	7.22	0.34		1.3	12	
4/4/2015	4.5	5.72	0.709	3.94	7.20	0.35		1.3	12	
4/4/2015	5	5.61	0.726	3.52	7.18	0.35		1.3	12	
5/3/2015	0	19.21	0.562	11.06	8.17	0.27		1.9	25	
5/3/2015	0.5	18.96	0.563	12.96	8.20	0.27		1.9	25	
5/3/2015	1	17.81	0.561	15.00	8.18	0.27		1.9	25	
5/3/2015	1.5	16.4	0.562	17.41	8.21	0.27		1.9	25	
5/3/2015	2	14.13	0.590	22.49	8.23	0.29		1.9	25	
5/3/2015	2.5	11.97	0.628	24.63	8.15	0.31		1.9	25	
5/3/2015	3	9.75	0.668	20.86	7.70	0.33		1.9	25	
5/3/2015	3.5	8.39	0.684	14.1	7.22	0.34		1.9	25	
5/3/2015	4	7.27	0.706	6.49	6.98	0.35		1.9	25	
5/3/2015	4.5	6.39	0.740	4.48	6.91	0.36		1.9	25	
5/3/2015	5	6.30	0.745	3.40	6.88	0.36		1.9	25	
6/6/2015	0	22.71	0.580	8.48	7.93	0.28		2.2	23	
6/6/2015	0.5	22.52	0.581	9.51	7.96	0.28		2.2	23	
6/6/2015	1	22.22	0.583	9.88	7.87	0.28		2.2	23	
6/6/2015	1.5	21.23	0.582	10.53	7.88	0.28		2.2	23	
6/6/2015	2	20.36	0.588	10.95	7.77	0.29		2.2	23	
6/6/2015	2.5	19.3	0.611	9.92	7.58	0.30		2.2	23	
6/6/2015	3	16.65	0.654	11.94	7.41	0.32		2.2	23	
6/6/2015	3.5	14.2	0.680	11.33	7.34	0.33		2.2	23	
6/6/2015	4	11.88	0.703	9.26	7.17	0.35		2.2	23	
6/6/2015	4.5	10.22	0.722	4.34	7.02	0.35		2.2	23	
6/6/2015	5	9.73	0.732	3.46	6.97	0.36		2.2	23	
7/6/2015	0	26.27	0.462	6.76	8.45	0.22		1.8	28	
7/6/2015	0.5	25.79	0.458	8.36	8.53	0.22		1.8	28	
7/6/2015	1	24.17	0.461	8.84	8.43	0.22		1.8	28	
7/6/2015	1.5	22.77	0.487	9.01	8.16	0.23		1.8	28	
7/6/2015	2	21.52	0.508	7.79	7.70	0.25		1.8	28	
7/6/2015	2.5	20.4	0.543	5.85	7.37	0.26		1.8	28	
7/6/2015	3	19.23	0.586	2.42	7.16	0.28		1.8	28	
7/6/2015	3.5	17.14	0.656	1.43	7.05	0.32		1.8	28	
7/6/2015	4	14.86	0.695	7.40	7.00	0.34		1.8	28	
7/6/2015	4.5	12.62	0.725	1.63	6.91	0.36		1.8	28	
7/6/2015	5	11.72	0.739	1.73	6.86	0.36		1.8	28	
8/2/2015	0	29.11	0.616	12.81	8.34	0.30		1.5	25	
8/2/2015	0.5	28.73	0.569	10.18	8.32	0.27		1.5	25	
8/2/2015	1	27.69	0.569	11.22	8.40	0.27		1.5	25	
8/2/2015	1.5	27.05	0.573	10.68	8.41	0.28		1.5	25	
8/2/2015	2	25.42	0.645	14.24	8.35	0.31		1.5	25	
8/2/2015	2.5	22.76	0.685	2.41	7.64	0.33		1.5	25	
8/2/2015	3	20.5	0.720	0.74	7.48	0.35		1.5	25	
8/2/2015	3.5	17.74	0.793	0.21	7.35	0.39		1.5	25	
8/2/2015	4	15.74	0.841	0.13	7.30	0.42		1.5	25	
8/2/2015	4.5	13.75	0.893	0.11	7.24	0.44		1.5	25	
8/2/2015	5	12.65	0.924	0.30	7.17	0.46		1.5	25	
9/2/2015	0.5	25.19	0.564	8.10	7.92	0.27		2.2	24.74
9/2/2015	1	25.10	0.564	8.31	8.01	0.27		2.2	24.74
9/2/2015	1.5	24.65	0.562	9.40	8.17	0.27		2.2	24.74
9/2/2015	2	23.90	0.664	10.06	8.20	0.27		2.2	24.74
9/2/2015	2.5	22.87	0.594	7.16	7.56	0.29		2.2	24.74
9/2/2015	3	21.25	0.667	2.75	6.98	0.33		2.2	24.74
9/2/2015	3.5	19.64	0.740	0.61	6.85	0.37		2.2	24.74
9/2/2015	4	16.58	0.855	0.23	6.74	0.42		2.2	24.74
9/2/2015	4.5	14.32	0.897	0.18	6.71	0.44		2.2	24.74
9/2/2015	5	13.33	0.917	0.11	6.68	0.45		2.2	24.74
